9
32 0.08333333333333336
44 0.16666666666666669
72 0.25
100 0.3333333333333333
101 0.41666666666666663
108 0.6666666666666666
111 0.8333333333333333
114 0.9166666666666666
119 1.0
12
10
10 0.08333333333333319
13 0.16666666666666652
33 0.4166666666666665
70 0.49999999999999983
97 0.5833333333333331
105 0.6666666666666665
111 0.7499999999999999
114 0.8333333333333333
117 0.9166666666666666
118 1.0
12
9
13 0.08333333333333327
32 0.1666666666666666
97 0.33333333333333326
101 0.4999999999999999
103 0.6666666666666665
108 0.7499999999999999
110 0.8333333333333333
116 0.9166666666666666
117 1.0
12
8
10 0.22222222222222204
13 0.33333333333333315
101 0.44444444444444425
113 0.5555555555555554
114 0.6666666666666665
116 0.7777777777777777
119 0.8888888888888888
121 1.0
9
